75.242 0
75.242 0.01
75.396 0.02
75.242 0.01
75.396 0.02
75.396 0.02
75.421 0.03
75.421 0.03
75.472 0.04
75.472 0.04
75.625 0.05
75.625 0.05
75.625 0.05
75.651 0.06
75.651 0.06
75.804 0.07
75.702 0.08
75.702 0.08
75.804 0.09
75.804 0.09
75.778 0.10
75.778 0.10
75.881 0.11
75.881 0.11
75.881 0.12
75.881 0.12
75.804 0.13
75.804 0.13
75.804 0.14
75.804 0.14
75.830 0.15
75.830 0.15
75.855 0.16
75.855 0.16
75.830 0.17
75.830 0.17
75.804 0.18
75.804 0.18
75.753 0.19
75.753 0.19
75.855 0.20
75.855 0.20
75.855 0.21
75.855 0.21
75.881 0.22
75.881 0.22
75.830 0.23
75.830 0.23
75.855 0.24
75.855 0.24
75.881 0.25
75.881 0.25
75.855 0.26
75.855 0.26
75.830 0.27
75.830 0.27
75.855 0.28
75.855 0.28
75.855 0.29
75.855 0.29
75.727 0.30
75.727 0.30
75.830 0.31
75.830 0.31
75.778 0.32
75.778 0.32
75.651 0.33
75.651 0.33
75.549 0.34
75.549 0.34
75.242 0.010
75.294 0.015
75.396 0.020
75.345 0.025
75.421 0.030
75.523 0.035
75.472 0.040
75.574 0.045
75.625 0.050
75.651 0.055
75.651 0.060
75.676 0.065
75.804 0.070
75.778 0.075
75.702 0.080
75.753 0.085
75.804 0.090
75.881 0.095
75.778 0.100
75.855 0.105
75.881 0.110
75.957 0.115
75.881 0.120
75.957 0.125
75.804 0.130
75.778 0.135
75.804 0.140
75.804 0.145
75.830 0.150
75.778 0.155
75.855 0.160
75.855 0.165
75.830 0.170
75.830 0.175
75.804 0.180
75.778 0.185
75.753 0.190
75.753 0.195
75.855 0.200
75.906 0.205
75.855 0.210
75.881 0.215
75.881 0.220
75.932 0.225
75.830 0.230
75.778 0.235
75.855 0.240
75.881 0.245
75.881 0.250
75.855 0.255
75.855 0.260
75.830 0.265
75.830 0.270
75.830 0.275
75.855 0.280
75.855 0.285
75.855 0.290
75.727 0.295
75.727 0.300
75.804 0.305
75.830 0.310
75.830 0.315
75.778 0.320
75.753 0.325
75.651 0.330
75.625 0.335
75.549 0.340
75.421 0.345
75.421 0.350
75.447 0.355
75.345 0.360
75.217 0.365
75.166 0.370
75.089 0.375
75.115 0.380
75.089 0.385
75.115 0.390
75.140 0.395
75.064 0.400
75.013 0.405
74.962 0.410
74.936 0.415
74.962 0.420
74.911 0.425
74.936 0.430
74.936 0.435
74.860 0.440
74.809 0.445
74.783 0.450
74.783 0.455
74.732 0.460
74.604 0.465
74.604 0.470
74.604 0.475
74.579 0.480
74.604 0.485
74.579 0.490
74.477 0.495
74.375 0.500
74.426 0.505
74.349 0.510
74.349 0.515
74.298 0.520
74.273 0.525
74.247 0.530
74.222 0.535
74.170 0.540
74.196 0.545
74.119 0.550
74.043 0.555
73.992 0.560
73.992 0.565
74.043 0.570
74.094 0.575
74.043 0.580
73.992 0.585
73.915 0.590
73.660 0.595
73.635 0.600
73.532 0.605
73.481 0.610
73.456 0.615
73.328 0.620
73.379 0.625
73.379 0.630
73.328 0.635
73.277 0.640
73.252 0.645
73.226 0.650
73.175 0.655
73.150 0.660
73.099 0.665
73.022 0.670
72.971 0.675
72.869 0.680
72.843 0.685
72.792 0.690
72.920 0.695
72.843 0.700
72.792 0.705
72.716 0.710
72.690 0.715
72.665 0.720
72.639 0.725
72.614 0.730
72.588 0.735
72.614 0.740
72.537 0.745
72.486 0.750
72.460 0.755
72.460 0.760
72.460 0.765
72.282 0.770
72.129 0.775
71.924 0.780
71.950 0.785
71.873 0.790
71.848 0.795
71.873 0.800
71.797 0.805
71.797 0.810
71.720 0.815
71.669 0.820
71.618 0.825
71.618 0.830
71.618 0.835
71.542 0.840
71.414 0.845
71.388 0.850
71.388 0.855
71.363 0.860
71.312 0.865
71.312 0.870
71.312 0.875
71.261 0.880
71.235 0.885
71.235 0.890
71.235 0.895
71.133 0.900
71.159 0.905
71.159 0.910
71.184 0.915
71.031 0.920
71.082 0.925
71.057 0.930
71.159 0.935
71.133 0.940
71.031 0.945
71.031 0.950
71.057 0.955
71.006 0.960
70.904 0.965
70.904 0.970
70.801 0.975
70.725 0.980
70.648 0.985
70.623 0.990
70.495 0.995
70.495 1.000
