9.010 1
22.996 2
30.807 3
36.856 4
40.761 5
44.793 6
48.443 7
50.970 8
53.344 9
55.794 10
67.892 18
68.785 19
69.653 20
70.546 21
71.133 22
71.771 23
72.486 24
73.022 25
73.762 26
74.222 27
74.834 28
75.345 29
75.932 30
76.263 31
76.697 32
77.106 33
77.463 34
77.795 35
77.999 36
78.382 37
78.790 38
79.199 39
79.352 40
79.632 41
79.990 42
80.373 43
80.628 44
80.909 45
81.087 46
81.266 47
81.343 48
81.496 49
81.674 50
81.853 51
82.057 52
82.312 53
82.466 54
82.695 55
82.874 56
83.002 57
83.257 58
83.384 59
83.640 60
83.742 61
83.997 62
84.176 63
84.303 64
84.405 65
84.661 66
84.814 67
84.865 68
84.967 69
85.043 70
85.171 71
85.222 72
85.350 73
85.477 74
85.554 75
85.681 76
85.809 77
85.911 78
85.937 79
85.988 80
86.090 81
86.166 82
86.243 83
86.371 84
86.473 85
86.524 86
86.702 87
86.702 88
86.753 89
86.830 90
86.907 91
86.932 92
86.932 93
87.009 94
87.085 95
87.136 96
87.187 97
87.213 98
87.264 99
87.289 100
